9 2 2
     0      0      0      0      0      0      0      0      0    973    419      0      0 
     0      0      0      0      0      0      0      0      0      0      0      0      0 
     0      0      0      0      0      0      0      0      0      0   -667      0      0 
     0      0      0      0      0      0      0      0      0    374    126      0      0 
     0      0      0      0      0      0      0      0      0   -279   -642      0      0 
     0      0      0      0      0      0      0      0      0      0   -590      0      0 
     0      0      0      0      0      0      0      0      0    975      0      0      0 
     0      0      0      0      0      0      0      0      0   -601   -322      0      0 
     0      0      0      0      0      0      0      0      0    381    965      0      0 
     0      0      0      0      0      0      0      0      0      0      0   -873    268 
     0      0      0      0      0      0      0      0      0      0      0     22      0 
     0      0      0      0      0      0      0      0      0      0      0      0      0 
     0      0      0      0      0      0      0      0      0      0      0      0      0 
