9 2 2
     0      0      0      0      0      0      0      0      0    -27    719      0      0 
     0      0      0      0      0      0      0      0      0    506   -552      0      0 
     0      0      0      0      0      0      0      0      0   -912   -886      0      0 
     0      0      0      0      0      0      0      0      0    467      0      0      0 
     0      0      0      0      0      0      0      0      0    358   -132      0      0 
     0      0      0      0      0      0      0      0      0      0    444      0   -151 
     0      0      0      0      0      0      0      0      0   -328    273      0      0 
     0      0      0      0      0      0      0      0      0   -284    643      0      0 
     0      0      0      0      0      0      0      0      0   1016      0      0      0 
     0      0      0      0      0      0      0      0      0      0      0      0      0 
     0      0      0      0      0      0      0      0      0      0      0      0   -334 
     0      0      0      0      0      0      0      0      0      0      0      0      0 
     0      0      0      0      0      0      0      0      0      0      0      0      0 
