9 2 2
     0      0      0      0      0      0      0      0      0   -600   -761      0      0 
     0      0      0      0      0      0      0      0      0      0      0      0      0 
     0      0      0      0      0      0      0      0      0      0      0      0      0 
     0      0      0      0      0      0      0      0      0    516      0      0      0 
     0      0      0      0      0      0      0      0      0      0   -420      0      0 
     0      0      0      0      0      0      0      0      0      0   -630      0      0 
     0      0      0      0      0      0      0      0      0      0    299      0      0 
     0      0      0      0      0      0      0      0      0    144    997      0      0 
     0      0      0      0      0      0      0      0      0   -394   -652      0      0 
     0      0      0      0      0      0      0      0      0      0      0   1000    862 
     0      0      0      0      0      0      0      0      0    873      0   -803    977 
     0      0      0      0      0      0      0      0      0      0      0      0      0 
     0      0      0      0      0      0      0      0      0      0      0      0      0 
