9 2 2
     0      0      0      0      0      0      0      0      0    895   -264      0      0 
     0      0      0      0      0      0      0      0      0   -800     77      0      0 
     0      0      0      0      0      0      0      0      0    545      0      0      0 
     0      0      0      0      0      0      0      0      0    822   -333      0      0 
     0      0      0      0      0      0      0      0      0      0   -504      0      0 
     0      0      0      0      0      0      0      0      0    536   -956      0      0 
     0      0      0      0      0      0      0      0      0      0   -461      0      0 
     0      0      0      0      0      0      0      0      0     28     74      0      0 
     0      0      0      0      0      0      0      0      0    -20      0      0      0 
     0      0      0      0      0      0      0      0      0      0      0   -944      0 
     0      0      0      0      0      0      0      0      0    936      0   -108   -578 
     0      0      0      0      0      0      0      0      0      0      0      0      0 
     0      0      0      0      0      0      0      0      0      0      0      0      0 
