9 2 2
     0      0      0      0      0      0      0      0      0      0   -972      0      0 
     0      0      0      0      0      0      0      0      0      0    107      0      0 
     0      0      0      0      0      0      0      0      0      0    729      0      0 
     0      0      0      0      0      0      0      0      0   -434      0    721      0 
     0      0      0      0      0      0      0      0      0      0    377      0      0 
     0      0      0      0      0      0      0      0      0   1023   -196      0      0 
     0      0      0      0      0      0      0      0      0    135      0      0      0 
     0      0      0      0      0      0      0      0      0    427      0      0      0 
     0      0      0      0      0      0      0      0      0      0    681      0      0 
     0      0      0      0      0      0      0      0      0      0      0      0      0 
     0      0      0      0      0      0      0      0      0      0      0      0      0 
     0      0      0      0      0      0      0      0      0      0      0      0      0 
     0      0      0      0      0      0      0      0      0      0      0      0      0 
