9 2 2
     0      0      0      0      0      0      0      0      0      0   1006      0      0 
     0      0      0      0      0      0      0      0      0    243     70      0      0 
     0      0      0      0      0      0      0      0      0    315     84      0      0 
     0      0      0      0      0      0      0      0      0   -293   -928      0      0 
     0      0      0      0      0      0      0      0      0    583    973      0      0 
     0      0      0      0      0      0      0      0      0      0      0      0      0 
     0      0      0      0      0      0      0      0      0    -62    861      0      0 
     0      0      0      0      0      0      0      0      0   -207      0      0      0 
     0      0      0      0      0      0      0      0      0   -472   -978      0      0 
     0      0      0      0      0      0      0      0      0      0    842      0      0 
     0      0      0      0      0      0      0      0      0      0      0    566   -310 
     0      0      0      0      0      0      0      0      0      0      0      0      0 
     0      0      0      0      0      0      0      0      0      0      0      0      0 
