9 2 2
     0      0      0      0      0      0      0      0      0    512    512      0      0 
     0      0      0      0      0      0      0      0      0   -205    205      0      0 
     0      0      0      0      0      0      0      0      0   -410    205      0      0 
     0      0      0      0      0      0      0      0      0  -1024   -205      0      0 
     0      0      0      0      0      0      0      0      0   -205  -1024      0      0 
     0      0      0      0      0      0      0      0      0    205   -410      0      0 
     0      0      0      0      0      0      0      0      0    205   -205      0      0 
     0      0      0      0      0      0      0      0      0    512    512      0      0 
     0      0      0      0      0      0      0      0      0   1024   1024      0      0 
     0      0      0      0      0      0      0      0      0      0      0   1024      0 
     0      0      0      0      0      0      0      0      0      0      0      0   1024 
     0      0      0      0      0      0      0      0      0      0      0      0      0 
     0      0      0      0      0      0      0      0      0      0      0      0      0
