9 2 2
     0      0      0      0      0      0      0      0      0   -849    347      0      0 
     0      0      0      0      0      0      0      0      0      0      0      0      0 
     0      0      0      0      0      0      0      0      0      0   -563      0      0 
     0      0      0      0      0      0      0      0      0   -689      0      0      0 
     0      0      0      0      0      0      0      0      0    513    613      0      0 
     0      0      0      0      0      0      0      0      0    187      0      0      0 
     0      0      0      0      0      0      0      0      0      0      0   -840      0 
     0      0      0      0      0      0      0      0      0   -548    966   -724      0 
     0      0      0      0      0      0      0      0      0   -202    389      0      0 
     0      0      0      0      0      0      0      0      0    176     86    428   -193 
     0      0      0      0      0      0      0      0      0      0      0     17    836 
     0      0      0      0      0      0      0      0      0      0      0      0      0 
     0      0      0      0      0      0      0      0      0      0      0      0      0 
