9 2 2
     0      0      0      0      0      0      0      0      0   -838   -526      0      0 
     0      0      0      0      0      0      0      0      0    346   -413      0      0 
     0      0      0      0      0      0      0      0      0   -731   -763      0      0 
     0      0      0      0      0      0      0      0      0      0     14      0      0 
     0      0      0      0      0      0      0      0      0   -799   -153      0      0 
     0      0      0      0      0      0      0      0      0      0    176      0      0 
     0      0      0      0      0      0      0      0      0   -770      0      0      0 
     0      0      0      0      0      0      0      0      0      0    984      0      0 
     0      0      0      0      0      0      0      0      0    241      0      0      0 
     0      0      0      0      0      0      0      0      0      0      0    868   -481 
     0      0      0      0      0      0      0      0      0      0      0   -181    867 
     0      0      0      0      0      0      0      0      0      0      0      0      0 
     0      0      0      0      0      0      0      0      0      0      0      0      0 
