9 2 2
     0      0      0      0      0      0      0      0      0   -975    676      0      0 
     0      0      0      0      0      0      0      0      0      0      0      0      0 
     0      0      0      0      0      0      0      0      0   -787    -29      0      0 
     0      0      0      0      0      0      0      0      0    172   -407      0      0 
     0      0      0      0      0      0      0      0      0    410    923      0      0 
     0      0      0      0      0      0      0      0      0    689    395      0      0 
     0      0      0      0      0      0      0      0      0   -924    845      0      0 
     0      0      0      0      0      0      0      0      0      0   -812      0      0 
     0      0      0      0      0      0      0      0      0      0    433      0      0 
     0      0      0      0      0      0      0      0      0      0    452   -672    795 
     0      0      0      0      0      0      0      0      0      0      0      0     77 
     0      0      0      0      0      0      0      0      0      0      0      0      0 
     0      0      0      0      0      0      0      0      0      0      0      0      0 
