9 2 2
     0      0      0      0      0      0      0      0      0      0    889      0      0 
     0      0      0      0      0      0      0      0      0    -96      0      0      0 
     0      0      0      0      0      0      0      0      0   -334    706      0      0 
     0      0      0      0      0      0      0      0      0    317      0      0      0 
     0      0      0      0      0      0      0      0      0      0   -857      0      0 
     0      0      0      0      0      0      0      0      0      0      0      0      0 
     0      0      0      0      0      0      0      0      0     60      0      0      0 
     0      0      0      0      0      0      0      0      0      0    748      0      0 
     0      0      0      0      0      0      0      0      0      0      0      0      0 
     0      0      0      0      0      0      0      0      0    858   -752   -233    421 
     0      0      0      0      0      0      0      0      0      0      0   -828      0 
     0      0      0      0      0      0      0      0      0      0      0      0      0 
     0      0      0      0      0      0      0      0      0      0      0      0      0 
